{
 "cells": [
  {
   "cell_type": "markdown",
   "id": "04b57de1",
   "metadata": {},
   "source": [
    "## Problem 4.2"
   ]
  },
  {
   "cell_type": "code",
   "execution_count": 36,
   "id": "87e07992",
   "metadata": {},
   "outputs": [
    {
     "name": "stdout",
     "output_type": "stream",
     "text": [
      "a and a inverse:\n",
      "[[ -9   9   2]\n",
      " [  1  10  -1]\n",
      " [  1   0 -10]] \n",
      "\n",
      " [[-0.10405827  0.09365245 -0.0301769 ]\n",
      " [ 0.00936524  0.09157128 -0.00728408]\n",
      " [-0.01040583  0.00936524 -0.10301769]] \n",
      "\n",
      "b and b inverse:\n",
      "[[-7 -6  2]\n",
      " [ 9  0  4]\n",
      " [ 9 -7  1]] \n",
      "\n",
      " [[-0.05785124  0.01652893  0.04958678]\n",
      " [-0.05578512  0.05165289 -0.09504132]\n",
      " [ 0.13016529  0.21280992 -0.11157025]] \n",
      "\n",
      "c and c inverse:\n",
      "[[-3  5  1]\n",
      " [ 7 -7 -7]\n",
      " [-1  1  0]] \n",
      "\n",
      " [[ 5.00000000e-01  7.14285714e-02 -2.00000000e+00]\n",
      " [ 5.00000000e-01  7.14285714e-02 -1.00000000e+00]\n",
      " [ 2.77555756e-17 -1.42857143e-01 -1.00000000e+00]] \n",
      "\n"
     ]
    }
   ],
   "source": [
    "# create random matrices and compute their inverses\n",
    "import numpy as np\n",
    "\n",
    "a = np.random.randint(-10, 11, size=(3, 3))\n",
    "b = np.random.randint(-10, 11, size=(3, 3))\n",
    "c = np.random.randint(-10, 11, size=(3, 3))\n",
    "\n",
    "print(\"a and a inverse:\")\n",
    "print(a, \"\\n\\n\", np.linalg.inv(a), \"\\n\")\n",
    "print(\"b and b inverse:\")\n",
    "print(b, \"\\n\\n\", np.linalg.inv(b), \"\\n\")\n",
    "print(\"c and c inverse:\")\n",
    "print(c, \"\\n\\n\", np.linalg.inv(c), \"\\n\")"
   ]
  },
  {
   "cell_type": "code",
   "execution_count": 37,
   "id": "e4ee9cdf",
   "metadata": {},
   "outputs": [
    {
     "name": "stdout",
     "output_type": "stream",
     "text": [
      "Verification (matrix * inverse = identity):\n",
      "a * a_inv:\n",
      "[[ 1.00000000e+00 -5.89805982e-17  0.00000000e+00]\n",
      " [-3.46944695e-18  1.00000000e+00  0.00000000e+00]\n",
      " [-1.38777878e-17  1.73472348e-17  1.00000000e+00]]\n",
      "b * b_inv:\n",
      "[[ 1.00000000e+00  1.11022302e-16 -8.32667268e-17]\n",
      " [ 0.00000000e+00  1.00000000e+00  0.00000000e+00]\n",
      " [-2.77555756e-17  0.00000000e+00  1.00000000e+00]]\n",
      "c * c_inv:\n",
      "[[ 1.00000000e+00  0.00000000e+00  0.00000000e+00]\n",
      " [-1.94289029e-16  1.00000000e+00  0.00000000e+00]\n",
      " [ 0.00000000e+00  0.00000000e+00  1.00000000e+00]]\n"
     ]
    }
   ],
   "source": [
    "print(\"Verification (matrix * inverse = identity):\")\n",
    "print(\"a * a_inv:\")\n",
    "print(np.matmul(a, np.linalg.inv(a)))\n",
    "print(\"b * b_inv:\")\n",
    "print(np.matmul(b, np.linalg.inv(b)))\n",
    "print(\"c * c_inv:\")\n",
    "print(np.matmul(c, np.linalg.inv(c)))"
   ]
  },
  {
   "cell_type": "markdown",
   "id": "b6152527",
   "metadata": {},
   "source": [
    "## Problem 5"
   ]
  },
  {
   "cell_type": "code",
   "execution_count": 38,
   "id": "e769bc84",
   "metadata": {},
   "outputs": [
    {
     "name": "stdout",
     "output_type": "stream",
     "text": [
      "Feature: price\n",
      "Average: 540088.1417665294\n",
      "Min: 75000.0\n",
      "Max: 7700000.0\n",
      "Variance: 134782378397.24687\n",
      "\n",
      "Feature: bedrooms\n",
      "Average: 3.37084162309721\n",
      "Min: 0\n",
      "Max: 33\n",
      "Variance: 0.8650150097573508\n",
      "\n",
      "Feature: bathrooms\n",
      "Average: 2.1147573219821405\n",
      "Min: 0.0\n",
      "Max: 8.0\n",
      "Variance: 0.5931512887356003\n",
      "\n",
      "Feature: sqft_living\n",
      "Average: 2079.8997362698374\n",
      "Min: 290\n",
      "Max: 13540\n",
      "Variance: 843533.6813681518\n",
      "\n",
      "Feature: sqft_lot\n",
      "Average: 15106.967565816869\n",
      "Min: 520\n",
      "Max: 1651359\n",
      "Variance: 1715658774.1754704\n",
      "\n",
      "Feature: floors\n",
      "Average: 1.4943089807060566\n",
      "Min: 1.0\n",
      "Max: 3.5\n",
      "Variance: 0.29158800687705183\n",
      "\n",
      "Feature: waterfront\n",
      "Average: 0.007541757275713691\n",
      "Min: 0\n",
      "Max: 1\n",
      "Variance: 0.007485225502686407\n",
      "\n",
      "Feature: view\n",
      "Average: 0.23430342849211122\n",
      "Min: 0\n",
      "Max: 4\n",
      "Variance: 0.5872426169774174\n",
      "\n",
      "Feature: condition\n",
      "Average: 3.4094295100171195\n",
      "Min: 1\n",
      "Max: 5\n",
      "Variance: 0.4234665123939715\n",
      "\n",
      "Feature: grade\n",
      "Average: 7.656873178179799\n",
      "Min: 1\n",
      "Max: 13\n",
      "Variance: 1.3817032893476489\n",
      "\n",
      "Feature: sqft_above\n",
      "Average: 1788.3906907879516\n",
      "Min: 290\n",
      "Max: 9410\n",
      "Variance: 685734.6672685075\n",
      "\n",
      "Feature: sqft_basement\n",
      "Average: 291.5090454818859\n",
      "Min: 0\n",
      "Max: 4820\n",
      "Variance: 195872.6684009628\n",
      "\n",
      "Feature: yr_built\n",
      "Average: 1971.0051357978994\n",
      "Min: 1900\n",
      "Max: 2015\n",
      "Variance: 862.7972621657613\n",
      "\n",
      "Feature: yr_renovated\n",
      "Average: 84.40225790033776\n",
      "Min: 0\n",
      "Max: 2015\n",
      "Variance: 161346.2118623827\n",
      "\n",
      "Feature: lat\n",
      "Average: 47.56005251931708\n",
      "Min: 47.1559\n",
      "Max: 47.7776\n",
      "Variance: 0.019199901796007928\n",
      "\n",
      "Feature: long\n",
      "Average: -122.21389640494147\n",
      "Min: -122.519\n",
      "Max: -121.315\n",
      "Variance: 0.019832622017891155\n",
      "\n",
      "Feature: sqft_living15\n",
      "Average: 1986.552491556008\n",
      "Min: 399\n",
      "Max: 6210\n",
      "Variance: 469761.23994532344\n",
      "\n",
      "Feature: sqft_lot15\n",
      "Average: 12768.455651691113\n",
      "Min: 651\n",
      "Max: 871200\n",
      "Variance: 745518225.3404008\n",
      "\n"
     ]
    }
   ],
   "source": [
    "# For each feature, write code to compute the average value, the min and max values, as well as its variance.\n",
    "\n",
    "import pandas as pd\n",
    "\n",
    "df = pd.read_csv('kc_house_data.csv')\n",
    "df.drop(columns=['id', 'date', 'zipcode'], inplace=True)\n",
    "\n",
    "price = df['price']\n",
    "bedrooms = df['bedrooms']\n",
    "bathrooms = df['bathrooms']\n",
    "sqft_living = df['sqft_living']\n",
    "sqft_lot = df['sqft_lot']\n",
    "floors = df['floors']\n",
    "waterfront = df['waterfront']\n",
    "view = df['view']\n",
    "condition = df['condition']\n",
    "grade = df['grade']\n",
    "sqft_above = df['sqft_above']\n",
    "sqft_basement = df['sqft_basement']\n",
    "yr_built = df['yr_built']\n",
    "yr_renovated = df['yr_renovated']\n",
    "lat = df['lat']\n",
    "long = df['long']\n",
    "sqft_living15 = df['sqft_living15']\n",
    "sqft_lot15 = df['sqft_lot15']\n",
    "\n",
    "features = [price, bedrooms, bathrooms, sqft_living, sqft_lot, floors, waterfront, view, condition, grade, sqft_above, sqft_basement, yr_built, yr_renovated, lat, long, sqft_living15, sqft_lot15]\n",
    "\n",
    "\n",
    "for feature in features:\n",
    "    print(f\"Feature: {feature.name}\")\n",
    "    print(f\"Average: {feature.mean()}\")\n",
    "    print(f\"Min: {feature.min()}\")\n",
    "    print(f\"Max: {feature.max()}\")\n",
    "    print(f\"Variance: {feature.var()}\\n\")"
   ]
  },
  {
   "cell_type": "code",
   "execution_count": 39,
   "id": "87931f3f",
   "metadata": {},
   "outputs": [
    {
     "name": "stdout",
     "output_type": "stream",
     "text": [
      "price            1.000000\n",
      "bedrooms         0.308350\n",
      "bathrooms        0.525138\n",
      "sqft_living      0.702035\n",
      "sqft_lot         0.089661\n",
      "floors           0.256794\n",
      "waterfront       0.266369\n",
      "view             0.397293\n",
      "condition        0.036362\n",
      "grade            0.667434\n",
      "sqft_above       0.605567\n",
      "sqft_basement    0.323816\n",
      "yr_built         0.054012\n",
      "yr_renovated     0.126434\n",
      "lat              0.307003\n",
      "long             0.021626\n",
      "sqft_living15    0.585379\n",
      "sqft_lot15       0.082447\n",
      "dtype: float64\n"
     ]
    }
   ],
   "source": [
    "# Compute the correlation coefficient of each feature with the response. \n",
    "# Include a table with the correlation coefficient of each feature with the response. \n",
    "\n",
    "correlations = df.corrwith(df['price'])\n",
    "print(correlations)"
   ]
  }
 ],
 "metadata": {
  "kernelspec": {
   "display_name": "base",
   "language": "python",
   "name": "python3"
  },
  "language_info": {
   "codemirror_mode": {
    "name": "ipython",
    "version": 3
   },
   "file_extension": ".py",
   "mimetype": "text/x-python",
   "name": "python",
   "nbconvert_exporter": "python",
   "pygments_lexer": "ipython3",
   "version": "3.12.2"
  }
 },
 "nbformat": 4,
 "nbformat_minor": 5
}
